Start Time =1577161381759
DONE IN 18
ANS: 77745038962663
96185591358396
59004303814271
23776067424882
100253777795223
30810664756884
75696393122051
65445702258337
116846017420053
75318268796507
59736700128791
5398238678343
84827739422236
16320517133225
4392515891830
54887167119020
108629910618725
38123413497992
98917239394919
94964057157516
83493158885688
96246200219198
5694074909641
16848773517297
95222551585933
28031360023952
47142686968266
26793044130322
47240599109082
37671934203901
10356942162194
88227036616294
12481528588545
91235481520390
8590596324445
38212493811311
90235634109559
71251029698142
36853053826094
69620457478754
110660871364460
62614832104842
43816003623817
6985105794408
91289361425765
79480756024459
108750594899420
84247520261884
41459363632783
111677695728980
66286445213946
79482590049360
44086170119519
54532495574283
113551788053165
74142659446311
100002430820689
85966776943364
3601567272399
59013587959737
84101252550749
101474298714185
42079800514024
72388612885382
77718237697003
103975883173652
39105910603034
102150901120164
72893462420526
45687959197518
6509237211007
107049804040578
52612619698398
59077448679994
66846255869963
95846574820638
45675472904801
1771218288984
104726900844762
39323367785464
82182505728838
60181533703972
23402235523054
59318145051111
63643529839460
114376364279899
81276268539969
27200486181657
77421980056989
75016246466501
67974944616013
27610848390227
118203504998579
20509302282742
103812987304136
63920498659757
48500578929225
90941129049439
58258246233892
28197156595890
90934978386870
116888093350805
54430194775990
31157708671190
7830094182386
1285778237948
98594892246921
27368743409670
14700643076473
45400152020263
113623343710038
8226988374250
110285089109359
82937604025232
39239403541567
110952697626859
101384587975643
20718236245920
105142141378137
88552771363720
106169267130039
36529184944093
57404558804293
18719527100000
69308060171207
26584832521388
109160134490938
50711933762963
55297641448074
7264644148628
96357888243674
11312959885047
12884717234837
78902011971073
77210235504445
92466516253267
17802571887664
36589040081740
53168984914754
106406558042718
98235968108270
111296940188455
52805929462942
75429645718028
55026966525902
9639826284468
20577576119202
93029730109746
116197563000446
80096967951347
27935966520052
96304141655010
21575491310094
77030204499875
1904906999082
95620567102653
99760115684809
12373964317427
52571430348740
106935125098321
65175709274169
56953424030884
25812825862021
97219147558337
105933620562087
43048796934011
78439055914286
67859940245613
107778563926918
10258431030072
32114714008629
74386845345165
22101602392760
94568695673909
96853781612643
17462015513908
41019462658381
27516760274978
61350351786736
62830403240799
3373034401294
46507209207852
15868335403784
67984943181076
53142896965585
104537284495826
108733307987416
65836427457627
59206302603401
13896511596127
20571776603344
18567137569251
62796462462373
107811262312883
22496270363468
95153554637660
53860624164395
51031781736059
108127449089570
20494929082607
77745038962663
