SEND NAT: [9257, 15969]
SEND NAT: [9257, 14523]
SEND NAT: [9257, 13419]
SEND NAT: [9257, 12609]
SEND NAT: [9257, 12028]
SEND NAT: [9257, 11617]
SEND NAT: [9257, 11327]
SEND NAT: [9257, 11124]
SEND NAT: [9257, 10981]
SEND NAT: [9257, 10881]
SEND NAT: [9257, 10811]
SEND NAT: [9257, 10762]
SEND NAT: [9257, 10728]
SEND NAT: [9257, 10704]
SEND NAT: [9257, 10687]
SEND NAT: [9257, 10675]
SEND NAT: [9257, 10667]
SEND NAT: [9257, 10661]
SEND NAT: [9257, 10657]
SEND NAT: [9257, 10654]
SEND NAT: [9257, 10652]
SEND NAT: [9257, 10651]
SEND NAT: [9257, 10650]
SEND NAT: [9257, 10650]
ANS []
Address: 0, cur q: [0, 9257, 15969, 9257, 14523, 9257, 13419, 9257, 12609, 9257, 12028, 9257, 11617, 9257, 11327, 9257, 11124, 9257, 10981, 9257, 10881, 9257, 10811, 9257, 10762, 9257, 10728, 9257, 10704, 9257, 10687, 9257, 10675, 9257, 10667, 9257, 10661, 9257, 10657, 9257, 10654, 9257, 10652, 9257, 10651, 9257, 10650, 9257, 10650]
Address: 1, cur q: [1, 50153, 17740, 100306, 17740, 150459, 17740, 50153, 15969, 100306, 15969, 150459, 15969, 50153, 14523, 100306, 14523, 150459, 14523, 50153, 13419, 100306, 13419, 150459, 13419, 50153, 12609, 100306, 12609, 150459, 12609, 50153, 12028, 100306, 12028, 150459, 12028, 50153, 11617, 100306, 11617, 150459, 11617, 50153, 11327, 100306, 11327, 150459, 11327, 50153, 11124, 100306, 11124, 150459, 11124, 50153, 10981, 100306, 10981, 150459, 10981, 50153, 10881, 100306, 10881, 150459, 10881, 50153, 10811, 100306, 10811, 150459, 10811, 50153, 10762, 100306, 10762, 150459, 10762, 50153, 10728, 100306, 10728, 150459, 10728, 50153, 10704, 100306, 10704, 150459, 10704, 50153, 10687, 100306, 10687, 150459, 10687, 50153, 10675, 100306, 10675, 150459, 10675, 50153, 10667, 100306, 10667, 150459, 10667, 50153, 10661, 100306, 10661, 150459, 10661, 50153, 10657, 100306, 10657, 150459, 10657, 50153, 10654, 100306, 10654, 150459, 10654, 50153, 10652, 100306, 10652, 150459, 10652, 50153, 10651, 100306, 10651, 150459, 10651, 50153, 10650, 100306, 10650, 150459, 10650]
Address: 2, cur q: [2]
Address: 3, cur q: [3]
Address: 4, cur q: [4]
Address: 5, cur q: [5, 45389, 150, 136167, 10, 90778, 5, 181556, 5]
Address: 6, cur q: [6]
Address: 7, cur q: [7, 7451, 17740, 22353, 17740, 14902, -31950, 7451, 15969, 22353, 15969, 7451, 14523, 22353, 14523, 7451, 13419, 22353, 13419, 7451, 12609, 22353, 12609, 7451, 12028, 22353, 12028, 7451, 11617, 22353, 11617, 7451, 11327, 22353, 11327, 7451, 11124, 22353, 11124, 7451, 10981, 22353, 10981, 7451, 10881, 22353, 10881, 7451, 10811, 22353, 10811, 7451, 10762, 22353, 10762, 7451, 10728, 22353, 10728, 7451, 10704, 22353, 10704, 7451, 10687, 22353, 10687, 7451, 10675, 22353, 10675, 7451, 10667, 22353, 10667, 7451, 10661, 22353, 10661, 7451, 10657, 22353, 10657, 7451, 10654, 22353, 10654, 7451, 10652, 22353, 10652, 7451, 10651, 22353, 10651, 7451, 10650, 22353, 10650]
Address: 8, cur q: [8]
Address: 9, cur q: [9]
Address: 10, cur q: [10]
Address: 11, cur q: [11]
Address: 12, cur q: [12, 471895, 160, 94379, 2, 566274, 10, 377516, 2, 283137, 31250, 188758, 5]
Address: 13, cur q: [13]
Address: 14, cur q: [14]
Address: 15, cur q: [15]
Address: 16, cur q: [16]
Address: 17, cur q: [17]
Address: 18, cur q: [18]
Address: 19, cur q: [19, 54581, -150, 163743, 71, 109162, 3, 218324, 1]
Address: 20, cur q: [20, 224607, 17, 149738, 3469, 74869, 1]
Address: 21, cur q: [21, 285801, 2, 95267, 5, 190534, 104026750]
Address: 22, cur q: [22, 68998, 86324, 137996, 56754, 34499, 58973, 103497, 73129, 172495, 140927]
Address: 23, cur q: [23]
Address: 24, cur q: [24]
Address: 25, cur q: [25, 23019, 1987050375000, 30692, 5582912824000, 15346, 18454345450000, 7673, -10054907820000, 15346, 16612031707500, 7673, -9051117417000, 7673, -8147536303950, 30692, 5025565664400, 30692, 4523858968140, 30692, 4072238098209, 15346, 15107804902500, 7673, -7409773294650, 7673, -6738815051550, 30692, 3703495140603, 30692, 3368142020601, 30692, 3063155273667, 15346, 13959349582500, 7673, -6226548177150, 7673, -5753222473950, 30692, 2830302321651, 30692, 2615150234403, 30692, 2416353439059, 15346, 13116732907500, 7673, -5405945463450, 7673, -5079630847950, 30692, 2270497094649, 30692, 2133444956139, 30692, 2004665582529, 15346, 12512337490000, 7673, -4845570611400, 7673, -4622295448800, 30692, 1912294204668, 30692, 1824179133456, 30692, 1740124245952, 15346, 12084787547500, 7673, -4464350368200, 7673, -4311802313550, 30692, 1680663731728, 30692, 1623234999292, 30692, 1567768622113, 15346, 11783109972500, 7673, -4204165000050, 7673, -4099214681550, 30692, 1528631762303, 30692, 1490471892193, 30692, 1453264622783, 15346, 11571935670000, 7673, -4025749458600, 7673, -3953600863200, 30692, 1427219534196, 30692, 1401641219952, 30692, 1376521314624, 15346, 11423177417500, 7673, -3902776975800, 7673, -3852606433950, 30692, 1358826011856, 30692, 1341358183764, 30692, 1324114906141, 15346, 11319150667500, 7673, -3817522138950, 7673, -3782757343950, 30692, 1312056670041, 30692, 1300108243941, 30692, 1288268627841, 15346, 11246331942500, 7673, -3758421987450, 7673, -3734243185950, 30692, 1279980896571, 30692, 1271746482201, 30692, 1263565041731, 15346, 11195358835000, 7673, -3717318024900, 7673, -3700469575800, 30692, 1257838033402, 30692, 1252136982284, 30692, 1246461770728, 15346, 11159989740000, 7673, -3688778815200, 7673, -3677124988800, 30692, 1242523868832, 30692, 1238598407808, 30692, 1234685348352, 15346, 11135023320000, 7673, -3668898758400, 7673, -3660690931200, 30692, 1231923188736, 30692, 1229167208448, 30692, 1226417393664, 15346, 11117338772500, 7673, -3654877053600, 7673, -3649072409550, 30692, 1224469608192, 30692, 1222524916176, 30692, 1220583312703, 15346, 11104855562500, 7673, -3644975013750, 7673, -3640882218750, 30692, 1219212769075, 30692, 1217843764375, 30692, 1216476296875, 15346, 11096533422500, 7673, -3638153688750, 7673, -3635427203550, 30692, 1215564651875, 30692, 1214653690075, 30692, 1213743410963, 15346, 11090291817500, 7673, -3633382339650, 7673, -3631338625950, 30692, 1213060701629, 30692, 1212378376307, 30692, 1211696434781, 15346, 11086130747500, 7673, -3629976150150, 7673, -3628614185550, 30692, 1211241807097, 30692, 1210787349989, 30692, 1210333063393, 15346, 11083009945000, 7673, -3627592712100, 7673, -3626571526200, 30692, 1209992348446, 30692, 1209651729412, 30692, 1209311206264, 15346, 11080929410000, 7673, -3625890735600, 7673, -3625210072800, 30692, 1209084190832, 30692, 1208857218016, 30692, 1208630287808, 15346, 11079889142500, 7673, -3624869741400, 7673, -3624529441950, 30692, 1208516822704, 30692, 1208403368252, 30692, 1208289924451, 15346, 11078848875000, 7673, -3624189142500, 7673, -3623848875000, 30692, 1208176480650, 30692, 1208063047500, 30692, 1207949625000]
Address: 26, cur q: [26, 41357, 54, 124071, 1051, 82714, 1]
Address: 27, cur q: [27]
Address: 28, cur q: [28]
Address: 29, cur q: [29]
Address: 30, cur q: [30, 14753, 24877, 29506, 1]
Address: 31, cur q: [31, 49877, 24877, 99754, 1]
Address: 32, cur q: [32, 205586, 1000000000, 102793, 15969400829000, 102793, 14127087086500, 102793, 15130877489500, 102793, 16034458602550, 102793, 15477111442950, 102793, 14975404746690, 102793, 14523783876759, 102793, 13019557071759, 102793, 13757320081059, 102793, 14428278324159, 102793, 14059535366553, 102793, 13724182246551, 102793, 13419195499617, 102793, 12270740179617, 102793, 12783007054017, 102793, 13256332757217, 102793, 13023479805201, 102793, 12808327717953, 102793, 12609530922609, 102793, 11766914247609, 102793, 12114191258109, 102793, 12440505873609, 102793, 12294649529199, 102793, 12157597390689, 102793, 12028818017079, 102793, 11424422599579, 102793, 11658482836129, 102793, 11881757998729, 102793, 11789386620868, 102793, 11701271549656, 102793, 11617216662152, 102793, 11189666719652, 102793, 11347611800252, 102793, 11500159854902, 102793, 11440699340678, 102793, 11383270608242, 102793, 11327804231063, 102793, 11026126656063, 102793, 11133763969563, 102793, 11238714288063, 102793, 11199577428253, 102793, 11161417558143, 102793, 11124210288733, 102793, 10913035986233, 102793, 10986501209183, 102793, 11058649804583, 102793, 11032604715996, 102793, 11007026401752, 102793, 10981906496424, 102793, 10833148243924, 102793, 10883972131324, 102793, 10934142673174, 102793, 10916447370406, 102793, 10898979542314, 102793, 10881736264691, 102793, 10777709514691, 102793, 10812793809691, 102793, 10847558604691, 102793, 10835500368591, 102793, 10823551942491, 102793, 10811712326391, 102793, 10738893601391, 102793, 10763228957891, 102793, 10787407759391, 102793, 10779120028121, 102793, 10770885613751, 102793, 10762704173281, 102793, 10711731065781, 102793, 10728656226831, 102793, 10745504675931, 102793, 10739777667602, 102793, 10734076616484, 102793, 10728401404928, 102793, 10693032309928, 102793, 10704723070528, 102793, 10716376896928, 102793, 10712438995032, 102793, 10708513534008, 102793, 10704600474552, 102793, 10679634054552, 102793, 10687860284952, 102793, 10696068112152, 102793, 10693305952536, 102793, 10690549972248, 102793, 10687800157464, 102793, 10670115609964, 102793, 10675929487564, 102793, 10681734131614, 102793, 10679786346142, 102793, 10677841654126, 102793, 10675900050653, 102793, 10663416840653, 102793, 10667514236453, 102793, 10671607031453, 102793, 10670236487825, 102793, 10668867483125, 102793, 10667500015625, 102793, 10659177875625, 102793, 10661906405625, 102793, 10664632890825, 102793, 10663721245825, 102793, 10662810284025, 102793, 10661900004913, 102793, 10655658399913, 102793, 10657703263813, 102793, 10659746977513, 102793, 10659064268179, 102793, 10658381942857, 102793, 10657700001331, 102793, 10653538931331, 102793, 10654901407131, 102793, 10656263371731, 102793, 10655808744047, 102793, 10655354286939, 102793, 10654900000343, 102793, 10651779197843, 102793, 10652800671293, 102793, 10653821857193, 102793, 10653481142246, 102793, 10653140523212, 102793, 10652800000064, 102793, 10650719465064, 102793, 10651400255664, 102793, 10652080918464, 102793, 10651853903032, 102793, 10651626930216, 102793, 10651400000008, 102793, 10650359732508, 102793, 10650700063908, 102793, 10651040363358, 102793, 10650926898254, 102793, 10650813443802, 102793, 10650700000001, 102793, 10649659732501, 102793, 10650000031951, 102793, 10650340299451, 102793, 10650226855650, 102793, 10650113422500, 102793, 10650000000000]
Address: 33, cur q: [33]
Address: 34, cur q: [34, 35977, 24877, 71954, 1]
Address: 35, cur q: [35]
Address: 36, cur q: [36, 184346, 217, 276519, 337, 92173, 1]
Address: 37, cur q: [37]
Address: 38, cur q: [38]
Address: 39, cur q: [39]
Address: 40, cur q: [40, 221253, 53, 73751, 2659, 147502, 1]
Address: 41, cur q: [41, 73354, 125, 146708, 10, 36677, 5, 110031, 5]
Address: 42, cur q: [42, 15359, 2, 46077, 71, 30718, 3, 76795, 37500, 61436, 5, 92154, 24877]
Address: 43, cur q: [43]
Address: 44, cur q: [44]
Address: 45, cur q: [45, 129566, 17740, 64783, 1040267500, 129566, 15969, 129566, 14523, 129566, 13419, 129566, 12609, 129566, 12028, 129566, 11617, 129566, 11327, 129566, 11124, 129566, 10981, 129566, 10881, 129566, 10811, 129566, 10762, 129566, 10728, 129566, 10704, 129566, 10687, 129566, 10675, 129566, 10667, 129566, 10661, 129566, 10657, 129566, 10654, 129566, 10652, 129566, 10651, 129566, 10650]
Address: 46, cur q: [46]
Address: 47, cur q: [47, 10391, 24877, 20782, 1]
Address: 48, cur q: [48, 165994, 250, 82997, 416107]
Address: 49, cur q: [49, 195166, 28, 292749, 3083, 97583, 1]
NAT: [9257, 10650]
